3
dat_admin
123456
2
manager
12345
2
manager2
12345
1
316317750
123
1
316274651
123
1
318375852
123
1
328932853
123
1
381927354
123
1
318292355
123
1
317383956
123
1
326374857
123
1
321526258
123
1
319283759
123
1
338292860
123
1
361726361
123
1
324152662
123
1
312727263
123
1
364646464
123
1
315151565
123
1
312121266
123
1
319393967
123
1
319382968
123
1
319992969
123
1
316317770
123
1
316274671
123
1
318375872
123
1
328932873
123
1
381927374
123
1
318292375
123
1
317383976
123
1
326374877
123
1
321526278
123
1
319283779
123
1
338292880
123
1
361726381
123
1
324152682
123
1
312727283
123
1
364646484
123
1
315151585
123
1
312121286
123
1
319393987
123
1
319382988
123
1
319992989
123
1
316317763
123
1
316274623
123
1
318375824
123
1
328932891
123
1
381927347
123
1
318292392
123
1
317383934
123
1
326374836
123
1
321526218
123
1
319283749
123
1
338292849
123
1
361726376
123
1
324152614
123
1
312727273
123
1
364646462
123
1
315151512
123
1
312121211
123
1
319393932
123
1
319382933
123
1
319992934
123
1
316317721
123
1
316274622
123
1
318375823
123
1
328932824
123
1
381927325
123
1
318292326
123
1
317383927
123
1
326374828
123
1
321526229
123
1
319283730
123
1
338292831
123
1
361726332
123
1
324152633
123
1
312727234
123
1
364646435
123
1
315151536
123
1
312121237
123
1
319393938
123
1
319382939
123
1
319992940
123
